$ mpicxx combination.cpp -fopenmp -march=native -O3

N    : 256
comp : 0.009930 s
comm : 0.000875 s
total: 0.010805 s (3.105487 GFlops)
error: 0.000012

