$ g++ openmp.cpp -fopenmp

N    : 256
total: 0.148294 s (0.226269 GFlops)
error: 0.000016
