with cuda/10.2.89 gcc 8.3.0:

$ nvcc cuda.cu

N    : 256
total: 0.004619 s (7.265202 GFlops)
error: 0.000012

